042030570134410111040010104901100270101  00  0030000000000000010010601000000000000000000000000000000000000000000000000000000000000000000000000000000000000000000000000008173129000000005923129000000005923129000000005923129000000005923129000000005923129000000000000000000000000000000000000005923129000000005923129000000000000000000000000000000000000000000000000000000000000
042034568054410311040010104901100270101  00  0030000000000000010010603000000000000000000000000000000000000000000000000000000000000000000000000000000000000000000000000007061404000000004811404000000004811404000000004811404000000004811404000000004811404000000000000000000000000000000000000004811404000000004811404000000000000000000000000000000000000000000000000000000000000
042024082400110111040010104901100270101  00  0030000000000000010010601000000000000000000000000000000000000000000000000000000000000000000000000000000000000000000000000005584923000000003334923000000003334923000000003334923000000003334923000000003334923000000000000000000000000000000000000003334923000000003334923000000000000000000000000000000000000000000000000000000000000
042323889034910211040010104901100270101  00  0030000000000000010010602000000000000000000000000000000000000000000000000000000000000000000000000000000000000000000000000008395621000000006145621000000006145621000000006145621000000006145621000000006145621000000000000000000000000000000000000006145621000000006145621000000000000000000000000000000000000000000000000000000000000
042034568098610211040010104901100270101  00  0030000000000000010010602000000000000000000000000000000000000000000000000000000000000000000000000000000000000000000000000007512250000000005266250000000005266250000000005266250000000005266250000000005266250000000000000000000000000000000000000005266250000000005266250000000000000000000000000000000000000000000000000000000000000
042032061442310011040010104901100270101  00  0030000000000000010010600000000000000000000000000000000000000000000000000000000000000000000000000000000000000000000000000007075585000000004822585000000004822585000000004822585000000004822585000000004822585000000000000000000000000000000000000004822585000000004822585000000000000000000000000000000000000000000000000000000000000
042031377367210011040010104901100270101  00  0030000000000000010010600000000000000000000000000000000000000000000000000000000000000000000000000000000000000000000000000005500766000000003250766000000003250766000000003250766000000003250766000000003250766000000000000000000000000000000000000003250766000000003250766000000000000000000000000000000000000000000000000000000000000
042026409856500311040010104901100270101  00  0030000000000000010010603000000000000000000000000000000000000000000000000000000000000000000000000000000000000000000000000007642841000000005392841000000005392841000000005392841000000005392841000000005392841000000000000000000000000000000000000005392841000000005392841000000000000000000000000000000000000000000000000000000000000
042033859761500011040010104901100270101  00  0030000000000000010010600000000000000000000000000000000000000000000000000000000000000000000000000000000000000000000000000005918569000000003668569000000003668569000000003668569000000003668569000000003668569000000000000000000000000000000000000003668569000000003668569000000000000000000000000000000000000000000000000000000000000
042037974839310011040010104901100270101  00  0030000000000000010010600000000000000000000000000000000000000000000000000000000000000000000000000000000000000000000000000005741137000000003491137000000003491137000000003491137000000003491137000000003491137000000000000000000000000000000000000003491137000000003491137000000000000000000000000000000000000000000000000000000000000
042041210174010111040010104901100270101  00  0030000000000000010010600000000000000000000000000000000000000000000000000000000000000000000000000000000000000000000000000005558893000000003308893000000003308893000000003308893000000003308893000000003308893000000000000000000000000000000000000003308893000000003308893000000000000000000000000000000000000000000000000000000000000
042024008763510211040010104900800270101  00  0030000000000000040080002000000000000000000000000000000000000000000000000000000000000000000000000000000000000000000000000023267200000000022517169000000022517169000000022517169000000022517169000000022517169000000000000000000000000000000000000022517169000000022517169000000000000000000000000000000000000000000000000000000000000
042036486738800011040010104901100270101  00  0030000000000000010010600000000000000000000000000000000000000000000000000000000000000000000000000000000000000000000000000005894304000000003644304000000003644304000000003644304000000003644304000000003644304000000000000000000000000000000000000003644304000000003644304000000000000000000000000000000000000000000000000000000000000
042030297915510011040010104900800270101  00  0030000000000000012620500000000000010000000000000000000000000000000000000000000000000000000000000000000000000000000000000007116200000000006090000000000006090000000000006090000000000006362550000000006090000000000000000000000000000000000000000006362550000000006090000000000000000000000000000000000000000000000000000000000000000
042026812327010311040010104901100270101  00  0030000000000000010010603000000000000000000000000000000000000000000000000000000000000000000000000000000000000000000000000005798063000000003548063000000003548063000000003548063000000003548063000000003548063000000000000000000000000000000000000003548063000000003548063000000000000000000000000000000000000000000000000000000000000
042335301135910111040010104901100270101  00  0030000000000000010010601000000000000000000000000000000000000000000000000000000000000000000000000000000000000000000000000008092163000000005842163000000005842163000000005842163000000005842163000000005842163000000000000000000000000000000000000005842163000000005842163000000000000000000000000000000000000000000000000000000000000
042024793716210011040210104901100272101  00  0000000000000000010010600000000000000000000000000000000000000000000000000000000000000000000000000000000000000000000000000000000000000000000000000000000000000000000000000000000000000000000000000000000000000000000000000000000000000000000000000000000000000000000000000000000000000000000000000000000000000000000000000000000000000
042027808394310311040010104901100270101  00  0030000000000000010010603000000000000000000000000000000000000000000000000000000000000000000000000000000000000000000000000008030794000000005780794000000005780794000000005780794000000005780794000000005780794000000000000000000000000000000000000005780794000000005780794000000000000000000000000000000000000000000000000000000000000
042038513577800011040010104901100270101  00  0030000000000000010010600000000000000000000000000000000000000000000000000000000000000000000000000000000000000000000000000005207673000000002957673000000002957673000000002957673000000002957673000000002957673000000000000000000000000000000000000002957673000000002957673000000000000000000000000000000000000000000000000000000000000
042336967023900011040010104901100270101  00  0030000000000000010010600000000000000000000000000000000000000000000000000000000000000000000000000000000000000000000000000005644370000000003394370000000003394370000000003394370000000003394370000000003394370000000000000000000000000000000000000003394370000000003394370000000000000000000000000000000000000000000000000000000000000
042036486773600011040010104901100270101  00  0030000000000000010010600000000000000000000000000000000000000000000000000000000000000000000000000000000000000000000000000005479761000000003229761000000003229761000000003229761000000003229761000000003229761000000000000000000000000000000000000003229761000000003229761000000000000000000000000000000000000000000000000000000000000
042029306199910111040010104901100270101  00  0030000000000000010010600000000000000000000000000000000000000000000000000000000000000000000000000000000000000000000000000005880245000000003630245000000003630245000000003630245000000003630245000000003630245000000000000000000000000000000000000003630245000000003630245000000000000000000000000000000000000000000000000000000000000
042027808385410211040010104900800270101  00  0030000000000000040080002000000000000000000000000000000000000000000000000000000000000000000000000000000000000000000000000008641500000000007891500000000007891500000000007891500000000007891500000000007891500000000000000000000000000000000000000007891500000000007891500000000000000000000000000000000000000000000000000000000000000
042027432395810111040010104901100270101  00  0030000000000000010010601000000000000000000000000000000000000000000000000000000000000000000000000000000000000000000000000006224701000000003974701000000003974701000000003974701000000003974701000000003974701000000000000000000000000000000000000003974701000000003974701000000000000000000000000000000000000000000000000000000000000
042033859735610111040010104901100270101  00  0030000000000000010010600000000000000000000000000000000000000000000000000000000000000000000000000000000000000000000000000005944003000000003694003000000003694003000000003694003000000003694003000000003694003000000000000000000000000000000000000003694003000000003694003000000000000000000000000000000000000000000000000000000000000
042034035684610011040010104901100270101  00  0030000000000000010010600000000000000000000000000000000000000000000000000000000000000000000000000000000000000000000000000005723289000000003473289000000003473289000000003473289000000003473289000000003473289000000000000000000000000000000000000003473289000000003473289000000000000000000000000000000000000000000000000000000000000
042027808017010111040010104901100270101  00  0030000000000000010010601000000000000000000000000000000000000000000000000000000000000000000000000000000000000000000000000007506740000000005256740000000005256740000000005256740000000005256740000000005256740000000000000000000000000000000000000005256740000000005256740000000000000000000000000000000000000000000000000000000000000
042033859705410111040010104901100270101  00  0015000000000000010010601000000000000000000000000000000000000000000000000000000000000000000000000000000000000000000000000005588177000000003338177000000003338177000000003338177000000003338177000000003338177000000000000000000000000000000000000003338177000000003338177000000000000000000000000000000000000000000000000000000000000
042038965826000111040010104901100270101  00  0030000000000000010010601000000000000000000000000000000000000000000000000000000000000000000000000000000000000000000000000005955119000000003705119000000003705119000000003705119000000003705119000000003705119000000000000000000000000000000000000003705119000000003705119000000000000000000000000000000000000000000000000000000000000
042034036925510111040010104901100270101  00  0030000000000000010010601000000000000000000000000000000000000000000000000000000000000000000000000000000000000000000000000006791889000000004541889000000004541889000000004541889000000004541889000000004541889000000000000000000000000000000000000004541889000000004541889000000000000000000000000000000000000000000000000000000000000
042013249303110011040010104900800270101  00  0030000000000000040080000000000000000000000000000000000000000000000000000000000000000000000000000000000000000000000000000013556300000000012806250000000012806250000000012806250000000012806250000000012806250000000000000000000000000000000000000012806250000000012806250000000000000000000000000000000000000000000000000000000000000
042030552476010011040010104901100270101  00  0030000000000000010010600000000000000000000000000000000000000000000000000000000000000000000000000000000000000000000000000005592378000000003342378000000003342378000000003342378000000003342378000000003342378000000000000000000000000000000000000003342378000000003342378000000000000000000000000000000000000000000000000000000000000
042032061434210211040010104901100270101  00  0030000000000000010010602000000000000000000000000000000000000000000000000000000000000000000000000000000000000000000000000007479755000000005229755000000005229755000000005229755000000005229755000000005229755000000000000000000000000000000000000005229755000000005229755000000000000000000000000000000000000000000000000000000000000
042032598733310211040010104901100270101  00  0030000000000000010010602000000000000000000000000000000000000000000000000000000000000000000000000000000000000000000000000007805076000000005555076000000005555076000000005555076000000005555076000000005555076000000000000000000000000000000000000005555076000000005555076000000000000000000000000000000000000000000000000000000000000
042031377361310211040010104901100270101  00  0030000000000000010010602000000000000000000000000000000000000000000000000000000000000000000000000000000000000000000000000006066358000000003816358000000003816358000000003816358000000003816358000000003816358000000000000000000000000000000000000003816358000000003816358000000000000000000000000000000000000000000000000000000000000
042030671502010311040010104901100270101  00  0030000000000000010010603000000000000000000000000000000000000000000000000000000000000000000000000000000000000000000000000007685385000000005435385000000005435385000000005435385000000005435385000000005435385000000000000000000000000000000000000005435385000000005435385000000000000000000000000000000000000000000000000000000000000
042714240373600011040010104900800270101  00  0030000000000000010010600000000000000000000000000000000000000000000000000000000000000000000000000000000000000000000000000007581690000000005331690000000005331690000000005331690000000005331690000000005331690000000000000000000000000000000000000005331690000000005331690000000000000000000000000000000000000000000000000000000000000
042032707781400011040010104900800270101  00  0030000000000000040080000000000000000000000000000000000000000000000000000000000000000000000000000000000000000000000000000009925500000000009175500000000009175500000000009175500000000009175500000000009175500000000000000000000000000000000000000009175500000000009175500000000000000000000000000000000000000000000000000000000000000
042025210864610311040010104901100270101  00  0030000000000000010010603000000000000000000000000000000000000000000000000000000000000000000000000000000000000000000000000005844742000000003594742000000003594742000000003594742000000003594742000000003594742000000000000000000000000000000000000003594742000000003594742000000000000000000000000000000000000000000000000000000000000
042018417050810211040010104900800270101  00  0030000000000000040080002000000000000000000000000000000000000000000000000000000000000000000000000000000000000000000000000009553000000000008803000000000008803000000000008803000000000008803000000000008803000000000000000000000000000000000000000008803000000000008803000000000000000000000000000000000000000000000000000000000000000
042026395852800011040010104901100270101  00  0030000000000000010010600000000000000000000000000000000000000000000000000000000000000000000000000000000000000000000000000005912322000000003662322000000003662322000000003662322000000003662322000000003662322000000000000000000000000000000000000003662322000000003662322000000000000000000000000000000000000000000000000000000000000
042029439427410211040010104901100270101  00  0030000000000000010010602000000000000000000000000000000000000000000000000000000000000000000000000000000000000000000000000006955043000000004705043000000004705043000000004705043000000004705043000000004705043000000000000000000000000000000000000004705043000000004705043000000000000000000000000000000000000000000000000000000000000
042026812373410111040010104901100270101  00  0030000000000000010010601000000000000000000000000000000000000000000000000000000000000000000000000000000000000000000000000005608829000000003358829000000003358829000000003358829000000003358829000000003358829000000000000000000000000000000000000003358829000000003358829000000000000000000000000000000000000000000000000000000000000
042033859753410211040010104901100270101  00  0030000000000000010010602000000000000000000000000000000000000000000000000000000000000000000000000000000000000000000000000007060055000000004810055000000004810055000000004810055000000004810055000000004810055000000000000000000000000000000000000004810055000000004810055000000000000000000000000000000000000000000000000000000000000
042027493718200311040010104900800270101  00  0030000000000000010010603000000000000000000000000000000000000000000000000000000000000000000000000000000000000000000000000008607976000000006357976000000006357976000000006357976000000006357976000000006357976000000000000000000000000000000000000006357976000000006357976000000000000000000000000000000000000000000000000000000000000
042032707703210211040010104900800270101  00  0030000000000000010010602000000000000000000000000000000000000000000000000000000000000000000000000000000000000000000000000008985222000000006735222000000006735222000000006735222000000006735222000000006735222000000000000000000000000000000000000006735222000000006735222000000000000000000000000000000000000000000000000000000000000
042025111418910311040010104900800270101  00  0030000000000000040080003000000000000000000000000000000000000000000000000000000000000000000000000000000000000000000000000008334900000000007584900000000007584900000000007584900000000007584900000000007584900000000000000000000000000000000000000007584900000000007584900000000000000000000000000000000000000000000000000000000000000
042329439293910411040010104901200270101  00  0030000000000000010010604000000000000000000000000000000000000000000000000000000000000000000000000000000000000000000000000008564671000000006314671000000006314671000000006314671000000006314671000000006314671000000000000000000000000000000000000006314671000000006314671000000000000000000000000000000000000000000000000000000000000
042025111439110211040010104901100270101  00  0030000000000000010010602000000000000000000000000000000000000000000000000000000000000000000000000000000000000000000000000005565935000000003315935000000003315935000000003315935000000003315935000000003315935000000000000000000000000000000000000003315935000000003315935000000000000000000000000000000000000000000000000000000000000
042031612417910211040010104901100270101  00  0030000000000000010010602000000000000000000000000000000000000000000000000000000000000000000000000000000000000000000000000008985222000000006735222000000006735222000000006735222000000006735222000000006735222000000000000000000000000000000000000006735222000000006735222000000000000000000000000000000000000000000000000000000000000
042025090834310211040010104901100270101  00  0030000000000000010010602000000000000000000000000000000000000000000000000000000000000000000000000000000000000000000000000006834977000000004584977000000004584977000000004584977000000004584977000000004584977000000000000000000000000000000000000004584977000000004584977000000000000000000000000000000000000000000000000000000000000
042022421084210411040010104900800270101  00  0030000000000000040080004000000000000000000000000000000000000000000000000000000000000000000000000000000000000000000000000009846400000000009096400000000009096400000000009096400000000009096400000000009096400000000000000000000000000000000000000009096400000000009096400000000000000000000000000000000000000000000000000000000000000
042033859793310211040010104900800270101  00  0030000000000000010010602000000000000000000000000000000000000000000000000000000000000000000000000000000000000000000000000011313300000000010563300000000010563300000000010563300000000010563300000000010563300000000000000000000000000000000000000010563300000000010563300000000000000000000000000000000000000000000000000000000000000
042011206140210011040140104901100271401  00  0000000000000000010010600000000000000000000000000000000000000000000000000000000000000000000000000000000000000000000000000000000000000000000000000000000000000000000000000000000000000000000000000000000000000000000000000000000000000000000000000000000000000000000000000000000000000000000000000000000000000000000000000000000000000
042035064991410111040010104901100270101  00  0030000000000000010010601000000000000000000000000000000000000000000000000000000000000000000000000000000000000000000000000005351417000000003101417000000003101417000000003101417000000003101417000000003101417000000000000000000000000000000000000003101417000000003101417000000000000000000000000000000000000000000000000000000000000
042731151096210211040010104900800270101  00  0030000000000000012720800000000000000000000000000000000000000000000000000000000000000000000000000000000000000000000000000006845900000000006699500000000006699500000000006699500000000006699500000000006699500000000000000000000000000000000000000006699500000000006699500000000000000000000000000000000000000000000000000000000000000
042024631166910211040010104901100270101  00  0030000000000000010010602000000000000000000000000000000000000000000000000000000000000000000000000000000000000000000000000005338331000000003088331000000003088331000000003088331000000003088331000000003088331000000000000000000000000000000000000003088331000000003088331000000000000000000000000000000000000000000000000000000000000
042036242696100011040010104901100270101  00  0030000000000000010010600000000000000000000000000000000000000000000000000000000000000000000000000000000000000000000000000006255014000000004005014000000004005014000000004005014000000004005014000000004005014000000000000000000000000000000000000004005014000000004005014000000000000000000000000000000000000000000000000000000000000
042040066696300011040010104901100270101  00  0030000000000000010010600000000000000000000000000000000000000000000000000000000000000000000000000000000000000000000000000005329795000000003079795000000003079795000000003079795000000003079795000000003079795000000000000000000000000000000000000003079795000000003079795000000000000000000000000000000000000000000000000000000000000
042330596079900011040010104901400270101  00  0030000000000000011990600000000000000000000000000000000000000000000000000000000000000000000000000000000000000000000000000006727495000000005227495000000005227495000000005227495000000005227495000000005227495000000000000000000000000000000000000005227495000000005227495000000000000000000000000000000000000000000000000000000000000