0220112061402      3102                                                  311000671100100212800600020201005        3
0220132493031      1260                                             CHACO072050578800003603534000020210505        3
0220184170508      3093                                             CHACO072050578800003603497200020210505        3
0220224210842      3096                                             CHACO072050578800003603459000020210505        3
0220240087635      1033                                             CHACO007007713000403033640600020210505        3
0220240824001      3168                                                  311000671100100208906000020210505        3
0220246311669      3179                                                  311000671100100212800600020210505        3
0220247937162                                                                                  00020201005        1
0220250908343      3106                                             CHACO311000671100100206901300020210505        3
0220251114189      3107                                             CHACO311000671100100212800600020210505        3
0220251114391      3108                                                  311000671100100207005500020210505        3
0220252108646      3120                                                  311000671100100207702500020210505        3
0220263958528      3124                                             CHACO311002341100100130901900020210505        3
0220264098565      3142                                             CHACO311000671100100208100400020210505        3
0220268123270      3205                                                  311000671100100213405000020210505        3
0220268123734      3109                                                  311000671100100207103400020210505        3
0220274323958      3152                                             CHACO311002341100100131005100020210505        3
0220274937182      3123                                             CHACO311000671100100206607600020210505        3
0220278080170      3191                                             CHACO311000671100100210207500020210505        3
0220278083854      5094                                             CHACO072050578800003603480400020210505        3
0220278083943      3210                                             CHACO311000671100100215410600020210505        3
0220293061999      3218                                                  311000671100100218804000020210505        3
0220294394274      3126                                             CHACO311000671100100207800400020210505        3
0220302979155      3211                                             CHACO311000361100100630201300020210505        3
0220305524760      3162                                             CHACO311000671100100208601600020210505        3
0220305701344      3148                                             CHACO311000671100100215301100020210505        3
0220306715020      3121                                             CHACO311000671100100207506700020210505        3
0220313773613      3115                                                  311000671100100207310800020210505        3
0220313773672      3212                                                  311000671100100215900200020210505        3
0220316124179      3113                                             CHACO311000671100100207201300020210505        3
0220320614342      3149                                             CHACO311000671100100208209000020210505        3
0220320614423      3137                                             CHACO311003021100125700110700020210505        3
0220325987333      3207                                             CHACO311000671100100210806600020210505        3
0220327077032      3101                                             CHACO311000671100100206400100020210505        3
0220327077814      3095                                             CHACO072050578800003603503600020210505        3
0220338597054      3201                                                  311000671100100210610700020210505        3
0220338597356      3165                                                  311000671100100208710100020210505        3
0220338597534      3117                                             CHACO311000671100100207408800020210505        3
0220338597615      3172                                                  311000671100100209206000020210505        3
0220338597933      3098                                             CHACO072050578800003603442200020210505        3
0220340356846      3171                                                  311000671100100209108100020210505        3
0220340369255      3129                                             CHACO311000671100100208002500020210505        3
0220345680544      3128                                             CHACO311000671100100207909000020210505        3
0220345680986      3167                                             CHACO311000671100100208808100020210505        3
0220350649914      3170                                                  311000671100100209010100020210505        3
0220362426961      3175                                             CHACO311000671100100209500700020210505        3
0220364867388      3214                                                  311000671100100216004400020210505        3
0220364867736      3204                                             CHACO311000671100100210708700020210505        3
0220379748393      3215                                                  311000671100100216102300020210505        3
0220385135778      3213                                                  311001971100100035009400020210505        3
0220389658260      3200                                                  311000671100100210501200020210505        3
0220400666963      3216                                                  311003021100127137803000020210505        3
0220412101740      3217                                                  311000671100100218706100020210505        3
0223238890349      3154                                             CHACO311000671100100208307900020210505        3
0223294392939      3104                                             CHACO311000671100100211803600020210505        3
0223305960799      3219                                                                        00020210505        1
0223353011359      3189                                             CHACO072050578800003603336800020210505        3
0223369670239      3209                                                  311000671100100210904500020210505        3
0227142403736      1864                                             CHACO311000671100100206509703120210505        3
0227311510962      6000                                             CHACO007034593000400556385100020210505        3